100
6 5000021
6 0000001
6 7003001
6 6798341
6 9826587
5 300808
6 1111111
6 0090001
6 4003025
6 0700001
6 5121436
6 0201001
6 0400709
1 31
0 2
0 1
6 0000401
6 8020008
6 6900101
6 1400041
1 01
6 1201201
6 0002001
6 6900001
6 2374343
4 05509
6 1111111
2 051
6 1703061
0 1
6 8009001
1 36
6 0000001
6 8334092
6 6000001
4 00061
6 3362502
5 110011
6 8000001
6 2121201
6 4040001
4 22122
6 0000001
6 6348287
6 1202022
3 5031
6 9999999
6 9609724
3 0001
6 0000001
6 0002006
6 0000001
1 01
5 500001
6 4008001
6 2200212
6 2121011
1 91
1 01
4 11111
5 600001
6 2112121
6 0000081
2 601
6 6700041
1 09
6 0041011
4 08838
6 1011121
1 01
2 001
3 0001
3 0112
6 1900008
2 901
1 01
6 4535741
0 1
6 1358145
6 2202101
3 0001
6 0040001
2 061
6 0200301
5 736101
6 0000031
2 001
6 0000808
3 2212
6 8354869
5 587961
6 1221011
2 031
4 00006
6 4000131
3 2022
0 5
2 437
6 2001222
6 6056436
