1000
66805 82963 65686 64006 60196 65677 17101 65086 59557 76099 9664 64489 82657 85165 8695 89500 32116 87448 87553 92896 71755 65788 5344 52441 94555 26782 46648 19918 30271 73324 78904 12133 37234 38032 25411 78751 65392 20056 85861 46219 96112 71113 68473 59086 54262 78343 97807 41689 10021 55903 96298 86242 59068 25138 8599 86953 7162 88456 34600 36331 17167 73336 87706 89764 83578 39727 5185 45064 82450 44260 22129 95551 31177 61285 86710 45796 45127 26995 84148 28216 18727 21991 38608 7984 90895 66952 1198 33052 54643 38308 69454 89650 48676 63346 49909 45508 2722 33838 93925 15673 76060 72175 48841 60370 52552 97612 34261 41242 29929 31657 83896 20020 71704 68200 84811 59839 78169 89782 17149 9898 2398 14884 55033 1435 94873 59410 40219 73018 24706 42943 51853 46375 1708 65326 11077 36790 93064 12979 43816 65137 72439 23905 31990 40258 25744 58906 76531 53386 20917 19825 7516 90568 48982 36931 57994 87835 18307 6928 50407 24961 26293 68128 96907 97741 2263 12889 64189 74860 27166 11992 17674 41947 30595 61267 75334 66013 72484 33592 18208 98185 8248 7543 37027 7153 39664 3385 12886 78253 65533 75556 87598 2830 22480 88966 20026 35104 14776 29992 83974 80230 64162 81136 20947 95824 48043 32314 81277 28285 50284 10228 77095 11953 21754 34429 87463 35482 56263 86593 17074 70 80665 69385 75982 62041 68203 63529 69874 21787 65380 62803 59902 10783 60079 87091 84955 59083 62599 49864 30841 8599 34048 83596 91747 8701 33811 11326 57667 12094 23917 44173 35836 80353 95221 16753 53401 15328 61726 26689 68107 27571 72691 85138 95095 73228 9175 71641 10618 62020 2860 57787 18700 42403 40315 32050 63535 10594 7582 73324 58447 22357 6016 5467 646 57715 33193 71959 73069 22549 39556 90118 97498 25318 44413 157 13132 34984 43963 55066 56581 41392 83122 27589 56593 20767 27250 5668 58330 41179 93616 88258 19363 7252 7576 78301 5800 67063 5959 23734 6940 880 78130 49072 10426 89251 77341 33583 46162 10600 41962 36142 54490 35338 16945 56737 73312 83578 91261 34708 9925 28765 40036 49912 81943 58291 73543 54097 13504 49765 17389 81667 37246 18028 97219 70519 18694 1768 62440 45562 48487 68551 18946 90445 97099 85063 196 73738 13009 29749 73783 29632 14917 3043 77260 78025 9856 24304 92203 95977 50467 48562 62131 89779 66673 95617 56524 5011 5389 39853 78070 22201 86365 34618 30616 75439 46771 38242 22909 34741 31804 5311 52789 75997 37807 95077 33286 25063 73657 2938 90073 50659 11302 10966 27307 18052 13255 12580 53989 74815 16432 90343 95074 75559 44815 81724 74308 23692 26983 40528 65917 21847 6262 11929 47887 41248 9310 45784 21802 66064 67738 45778 35308 38260 51748 84172 85747 60715 7006 91600 30886 87469 63940 43153 75073 50422 20821 41797 88993 44575 29125 44044 2515 46510 24922 5173 20317 66247 22954 90676 48970 10486 96763 60010 34297 59092 97141 25228 7840 46429 94984 19450 66730 25624 27934 86176 68779 15844 28423 93898 53572 29338 10783 3982 90013 49519 93376 91147 69562 73735 40171 75124 13444 88663 84148 5050 36760 91963 39025 85774 46285 28120 44704 26653 84358 47035 49561 17167 19387 68515 97021 76102 85192 44347 92368 75211 84976 97618 35968 34969 40123 63256 86902 44176 1264 67045 66970 89149 32356 94177 30061 28996 51343 86353 32251 2734 46546 91336 39565 30166 57478 37873 74764 75310 46015 36148 65584 22459 29671 88591 85615 47182 13051 12850 57001 45952 89248 34654 97675 81259 50671 1534 90820 14383 60670 34432 52471 86056 54313 76669 71506 27370 9508 75907 21775 34045 34759 28099 81559 6748 55447 46174 97387 95656 11023 75661 7126 33334 50098 9847 47449 97465 62938 23242 11473 7873 4402 8221 17254 73987 52000 96268 86848 12358 85936 67345 13534 45352 91765 22042 61021 93853 87832 21751 40006 3871 96655 88417 58456 60595 40507 38632 97759 11167 80308 52093 39910 76786 70 72928 50467 12724 23887 25267 91564 90079 94780 22867 42577 57898 2404 96631 87511 57727 43138 94354 94171 40747 77587 62953 3463 86761 11350 96361 52213 42907 55579 57679 95323 94912 57679 26500 94726 691 92497 12199 57841 73648 31465 79105 18496 72571 83497 14095 14176 68596 25072 75751 62722 35905 96310 87895 92347 73936 2584 87730 24688 72220 79780 86395 63118 37402 79720 87739 9703 90235 27064 85792 22375 74158 78790 7123 62848 44176 3676 6682 53584 4852 29815 1969 58771 67801 40333 33766 49993 85603 44953 43387 46123 30883 87271 64819 89809 79105 57763 11584 63646 91012 29989 56659 86374 9172 17137 97153 17647 78052 61336 88525 89599 42874 44338 34978 14179 70510 33712 44497 59020 90010 61681 21628 64513 1186 52351 94642 91522 4708 72478 72139 48640 61510 48679 8830 22342 94231 10879 77251 35167 36844 4978 55654 70597 67198 46387 69493 72781 30328 43834 45898 71644 58474 65083 10093 43204 19345 87553 59443 48883 93508 97009 79639 67048 14131 70492 4822 60511 56434 18571 96337 86443 32035 16258 75802 9463 63733 4504 27877 556 84076 78016 40591 6289 63694 58252 24070 59212 75499 50437 17896 7039 38035 95281 68566 39982 13516 24409 85651 4102 19165 87847 36067 59560 30718 21856 292 81904 21466 74617 56740 70354 27589 85210 9682 42499 83134 35071 8191 8311 15400 35110 7183 75643 25417 22003 2758 2218 78211 75961 74224 15766 10573 60529 2356 54580 52216 86695 52150 36616 30754 10216 35440 78871 3832 54307 11089 31114 97324 78502 33043 96538 31933 77305 42973 35653 49249 19288 70300 3892 82384 37390 66847 27751 61885 64129 30454 88609 69766 20716 39691 80023 86728 47107 67582 34777 11392 14128 81217 84091 89881 65695 244 53770 75301 56086 21127 27439 7891 23407 93709 12193 50737 55798 40027 36817 10786 20329 84964 95818 10531 67015 44635 89845 89281 18655 87811 60394 2770 33433 38359 82993 47479 61186 35680 18466 49621 87064 12619 59284 97684 59734 21463 9679 60181 23305 47068 5929 91255 38215 59833 25735 50503 17107 28894 8311 39688 43927 58429 96805 81001 24313 72529 72196 58177 21985 96265 46138 9544 30865 66910 7372 26527 46117 26287 92560 43261 68572 21469 60877 48817 21043 73258 39856 24679
1000
1
2
3
4
5
6
7
8
9
10
11
12
13
14
15
16
17
18
19
20
21
22
23
24
25
26
27
28
29
30
31
32
33
34
35
36
37
38
39
40
41
42
43
44
45
46
47
48
49
50
51
52
53
54
55
56
57
58
59
60
61
62
63
64
65
66
67
68
69
70
71
72
73
74
75
76
77
78
79
80
81
82
83
84
85
86
87
88
89
90
91
92
93
94
95
96
97
98
99
100
101
102
103
104
105
106
107
108
109
110
111
112
113
114
115
116
117
118
119
120
121
122
123
124
125
126
127
128
129
130
131
132
133
134
135
136
137
138
139
140
141
142
143
144
145
146
147
148
149
150
151
152
153
154
155
156
157
158
159
160
161
162
163
164
165
166
167
168
169
170
171
172
173
174
175
176
177
178
179
180
181
182
183
184
185
186
187
188
189
190
191
192
193
194
195
196
197
198
199
200
201
202
203
204
205
206
207
208
209
210
211
212
213
214
215
216
217
218
219
220
221
222
223
224
225
226
227
228
229
230
231
232
233
234
235
236
237
238
239
240
241
242
243
244
245
246
247
248
249
250
251
252
253
254
255
256
257
258
259
260
261
262
263
264
265
266
267
268
269
270
271
272
273
274
275
276
277
278
279
280
281
282
283
284
285
286
287
288
289
290
291
292
293
294
295
296
297
298
299
300
301
302
303
304
305
306
307
308
309
310
311
312
313
314
315
316
317
318
319
320
321
322
323
324
325
326
327
328
329
330
331
332
333
334
335
336
337
338
339
340
341
342
343
344
345
346
347
348
349
350
351
352
353
354
355
356
357
358
359
360
361
362
363
364
365
366
367
368
369
370
371
372
373
374
375
376
377
378
379
380
381
382
383
384
385
386
387
388
389
390
391
392
393
394
395
396
397
398
399
400
401
402
403
404
405
406
407
408
409
410
411
412
413
414
415
416
417
418
419
420
421
422
423
424
425
426
427
428
429
430
431
432
433
434
435
436
437
438
439
440
441
442
443
444
445
446
447
448
449
450
451
452
453
454
455
456
457
458
459
460
461
462
463
464
465
466
467
468
469
470
471
472
473
474
475
476
477
478
479
480
481
482
483
484
485
486
487
488
489
490
491
492
493
494
495
496
497
498
499
500
501
502
503
504
505
506
507
508
509
510
511
512
513
514
515
516
517
518
519
520
521
522
523
524
525
526
527
528
529
530
531
532
533
534
535
536
537
538
539
540
541
542
543
544
545
546
547
548
549
550
551
552
553
554
555
556
557
558
559
560
561
562
563
564
565
566
567
568
569
570
571
572
573
574
575
576
577
578
579
580
581
582
583
584
585
586
587
588
589
590
591
592
593
594
595
596
597
598
599
600
601
602
603
604
605
606
607
608
609
610
611
612
613
614
615
616
617
618
619
620
621
622
623
624
625
626
627
628
629
630
631
632
633
634
635
636
637
638
639
640
641
642
643
644
645
646
647
648
649
650
651
652
653
654
655
656
657
658
659
660
661
662
663
664
665
666
667
668
669
670
671
672
673
674
675
676
677
678
679
680
681
682
683
684
685
686
687
688
689
690
691
692
693
694
695
696
697
698
699
700
701
702
703
704
705
706
707
708
709
710
711
712
713
714
715
716
717
718
719
720
721
722
723
724
725
726
727
728
729
730
731
732
733
734
735
736
737
738
739
740
741
742
743
744
745
746
747
748
749
750
751
752
753
754
755
756
757
758
759
760
761
762
763
764
765
766
767
768
769
770
771
772
773
774
775
776
777
778
779
780
781
782
783
784
785
786
787
788
789
790
791
792
793
794
795
796
797
798
799
800
801
802
803
804
805
806
807
808
809
810
811
812
813
814
815
816
817
818
819
820
821
822
823
824
825
826
827
828
829
830
831
832
833
834
835
836
837
838
839
840
841
842
843
844
845
846
847
848
849
850
851
852
853
854
855
856
857
858
859
860
861
862
863
864
865
866
867
868
869
870
871
872
873
874
875
876
877
878
879
880
881
882
883
884
885
886
887
888
889
890
891
892
893
894
895
896
897
898
899
900
901
902
903
904
905
906
907
908
909
910
911
912
913
914
915
916
917
918
919
920
921
922
923
924
925
926
927
928
929
930
931
932
933
934
935
936
937
938
939
940
941
942
943
944
945
946
947
948
949
950
951
952
953
954
955
956
957
958
959
960
961
962
963
964
965
966
967
968
969
970
971
972
973
974
975
976
977
978
979
980
981
982
983
984
985
986
987
988
989
990
991
992
993
994
995
996
997
998
999
1000