29713
3297
98077
94736
62005
95523
99688
37182
8600
39077
28825
5616
47161
39386
83538
51427
88463
65397
90422
21628
55782
87699
96400
40172
82190
89036
9280
22406
98961
39454
46311
70116
79154
67430
39478
35921
92865
50240
52016
62638
70353
31624
51691
29598
34323
69830
55497
13830
53181
73052
7424
21088
99370
46541
95033
51633
89870
72273
8418
81260
29551
10649
25535
9866
56544
36264
61489
86032
37655
60351
93500
88080
90930
81668
88252
5777
51199
22750
78690
39620
21341
81508
88277
69515
85938
33649
91377
50229
66915
4698
50853
92036
9254
71587
3893
42057
79556
30298
21392
2524
1850
22916
93540
55972
9469
32933
97487
88843
62564
4805
77798
32712
20607
54989
33765
46909
7100
19144
93178
8900
32781
14685
80509
41015
22931
76265
23421
91906
96279
31789
56938
18321
83675
81344
26045
24571
12640
67837
64763
75348
57820
97523
62918
94569
21752
99760
10063
65110
42425
80453
84026
98706
46035
19474
59516
33176
76562
32213
97917
22049
64263
32836
41588
25096
95138
6977
38871
86233
65050
80555
53534
1942
60421
19292
45001
53617
31499
65242
44362
8487
10692
22761
84951
42684
28910
89589
24140
41956
90734
26303
27218
41802
58857
75331
91030
56609
84277
43706
89791
60699
14919
73776
74440
97204
38242
16175
69610
20804
48259
79279
10209
79386
95276
6991
77311
3456
2278
809
93337
83936
37989
51617
48178
91187
27690
972
51906
41575
29926
35379
63501
73065
85954
82295
22335
29709
38750
30198
49898
69355
2961
86534
20855
81375
73547
82227
30112
25483
25135
86955
31214
10099
42671
97591
50456
291
62014
72250
63164
51552
32014
74194
23416
22654
49193
32146
38232
96955
26069
69673
36511
62488
84239
77360
50971
10694
31475
38162
12183
77413
46410
8747
22119
20264
62276
2444
32116
24892
49819
12090
8323
68397
3860
30670
42592
19529
40494
834
43795
50072
89200
86407
53567
99746
49893
83855
73255
92497
93050
35594
21870
85169
98924
75459
87437
54345
54958
20848
70072
81611
2512
2725
6378
81483
59713
65515
42996
14471
9699
97413
53422
10017
86176
53150
78928
93405
96756
88880
83448
70856
63572
20924
51079
20273
96104
16219
75337
82649
23836
68309
8249
95327
52730
2466
39513
2254
48586
29311
48770
52283
69422
51174
59036
19710
644
67467
66447
18027
7094
55576
13099
53446
85790
76924
89612
88314
63113
82751
90438
2984
15340
77794
12727
16813
82611
4304
39183
78378
20839
51844
58747
45385
22395
65063
96131
14211
20196
74669
74268
79962
51953
22895
68210
60022
83531
75091
60128
97036
15347
69721
97716
35301
75612
63335
10196
80252
54782
62615
66993
94998
83062
18961
97935
56862
25494
41092
6552
86345
78792
15722
67216
24743
202
29541
30168
60625
23852
37911
66293
40324
91896
99820
40887
6632
81851
13293
19538
30345
13468
23522
26394
8259
89990
80544
61857
76544
68401
68124
89965
41376
66865
66504
40260
23036
63489
26808
64416
99006
15741
97622
8658
51187
89592
55117
80897
77319
33925
98233
2875
5149
3341
67739
63843
71800
93936
44759
79641
94832
68084
90216
60608
89394
93952
30831
79730
61470
97159
59596
50710
68332
44531
56772
15066
91123
44987
20025
27876
90545
20628
17088
14201
61071
33310
809
81202
13825
61353
69379
74011
23713
15758
85760
83610
74943
91300
13130
89163
66563
80887
34971
60341
55624
59760
60315
82380
46441
62064
70748
32478
8319
23021
22048
18784
68781
48982
36545
36498
57781
81742
17301
79884
19103
88209
96103
43971
7941
17456
9105
29680
94609
81684
63358
34508
39518
15051
98857
23884
75597
21829
76220
70246
47720
4920
54655
15606
8737
695
95311
44586
14778
33037
55401
91935
91714
17409
38295
99612
4084
21804
37156
67985
65823
3896
24544
89863
73621
75480
29106
84125
40358
47021
66680
34840
82557
3416
83856
37057
41223
40163
95378
54608
85121
38527
61111
66820
62722
26859
56296
69506
27500
55705
55662
515
34014
43653
11325
5636
5671
6960
95610
81768
48130
14639
74715
17712
37946
9748
88259
79903
11785
39386
61275
92628
66985
87117
34768
63720
87868
58311
73731
55648
74461
6156
21432
49892
37373
97854
53534
90738
5875
69995
24455
64377
12885
16358
29099
14590
50266
46126
90782
97661
14635
66658
59042
38110
32393
84878
97437
62463
95560
72692
83907
72298
51077
85474
94260
78460
7088
91887
46915
99205
14991
67952
98973
68124
71616
49625
87970
92277
93019
2764
85705
53303
79595
60392
31629
51978
38344
65862
44836
52771
97541
97801
82239
52281
57939
9885
71283
90454
23098
54235
30971
5511
70591
61882
78532
10222
93964
1479
75212
53316
55437
1864
36320
12812
32543
8594
46864
868
30289
54774
13899
78489
58283
14626
81230
30319
67108
47225
81929
62266
19523
64127
25054
54006
98967
25289
78986
27719
29785
68227
7120
50380
24948
25431
15937
78370
40440
27657
30480
24377
89401
3465
50671
98980
44343
17255
70041
6408
9718
23238
28829
78519
42692
53221
57537
93267
3369
8825
45310
54914
12064
37242
87689
16007
27285
43211
13079
83241
44673
20755
71484
68801
77897
44799
92350
4289
28509
69289
43364
75401
70705
76057
78418
56489
83445
5047
68173
5336
12643
83676
97890
27618
41823
49669
83026
31436
49324
98802
33430
80559
49612
84440
60965
3231
17816
73747
41674
58294
59898
4545
20288
38039
40094
90833
84007
68589
53641
54683
90574
62649
28143
62557
64592
72992
12728
17018
69400
54519
90747
62005
14880
55206
83881
91611
51577
12726
40044
95098
94146
66498
30429
46943
89192
69003
5193
42132
34528
45342
30600
19366
55483
26714
13504
75605
22896
43332
48014
74943
93250
9822
51451
76470
52021
37864
64032
63178
23030
90158
13740
38309
40842
13583
99911
30735
42936
61373
34347
36143
80983
45966
55440
54008
99805
42213
58451
25404
60970
75224
20426
54415
72533
73641
65716
78267
25473
64987
28242
35946
71494
5342
98695
50414
36759
146
13492
91783
61331
55190
16901
2513
29577
7923
65064
84206
64118
88953
37438
94234
29403
17126
85816
89654
35764
40697
47229
27242
48744
96364
78960
29386
72069
51055
81526
41202
10945
59839
29089
14552
94994
18065
73621
96677
59171
40159
97604
43921
38336
71645
88997
8050
54866
7512
29185
72062
4348
36323
84871
65177
61460
83485
67959
1451
31620
74189
86841
4384
45927
32217
87221
