106
3690987520 3724541951
2751463424 2785017855
2785017856 2818572287
2583691264 2617245695
1879048192 1912602623
100663296 134217727
2516582400 2550136831
1476395008 1509949439
3321888768 3355443199
2952790016 2986344447
1409286144 1442840575
1677721600 1711276031
3120562176 3154116607
1308622848 1342177279
2550136832 2583691263
1140850688 1174405119
771751936 805306367
503316480 536870911
234881024 268435455
3858759680 3892314111
1845493760 1879048191
201326592 234881023
2181038080 2214592511
3355443200 3388997631
2181038080 2214592511
1811939328 1845493759
3657433088 3690987519
1107296256 1140850687
3758096384 3791650815
2214592512 2248146943
3523215360 3556769791
2248146944 2281701375
704643072 738197503
2550136832 2583691263
1744830464 1778384895
2852126720 2885681151
2785017856 2818572287
1577058304 1610612735
704643072 738197503
3187671040 3221225471
838860800 872415231
1140850688 1174405119
2281701376 2315255807
2315255808 2348810239
4261412864 4294967295
637534208 671088639
3724541952 3758096383
1711276032 1744830463
2550136832 2583691263
570425344 603979775
3019898880 3053453311
2885681152 2919235583
1543503872 1577058303
2113929216 2147483647
3590324224 3623878655
33554432 67108863
3758096384 3791650815
2248146944 2281701375
1342177280 1375731711
335544320 369098751
3087007744 3120562175
3254779904 3288334335
3825205248 3858759679
4261412864 4294967295
3087007744 3120562175
3288334336 3321888767
3690987520 3724541951
402653184 436207615
2550136832 2583691263
2013265920 2046820351
1476395008 1509949439
872415232 905969663
2986344448 3019898879
2717908992 2751463423
2147483648 2181038079
33554432 67108863
2147483648 2181038079
738197504 771751935
1107296256 1140850687
3288334336 3321888767
805306368 838860799
3623878656 3657433087
3992977408 4026531839
3053453312 3087007743
4060086272 4093640703
3087007744 3120562175
4026531840 4060086271
2785017856 2818572287
1979711488 2013265919
1912602624 1946157055
402653184 436207615
2684354560 2717908991
939524096 973078527
1107296256 1140850687
1442840576 1476395007
402653184 436207615
1174405120 1207959551
2852126720 2885681151
4093640704 4127195135
1107296256 1140850687
201326592 234881023
436207616 469762047
1778384896 1811939327
402653184 436207615
3288334336 3321888767
1946157056 1979711487
