3690987520
2751463424
2785017856
2583691264
1879048192
100663296
2516582400
1476395008
3321888768
2952790016
1409286144
1677721600
3120562176
1308622848
2550136832
1140850688
771751936
503316480
234881024
3858759680
1845493760
201326592
2181038080
3355443200
2181038080
1811939328
3657433088
1107296256
3758096384
2214592512
3523215360
2248146944
704643072
2550136832
1744830464
2852126720
2785017856
1577058304
704643072
3187671040
838860800
1140850688
2281701376
2315255808
4261412864
637534208
3724541952
1711276032
2550136832
570425344
3019898880
2885681152
1543503872
2113929216
3590324224
33554432
3758096384
2248146944
1342177280
335544320
3087007744
3254779904
3825205248
4261412864
3087007744
3288334336
3690987520
402653184
2550136832
2013265920
1476395008
872415232
2986344448
2717908992
2147483648
33554432
2147483648
738197504
1107296256
3288334336
805306368
3623878656
3992977408
3053453312
4060086272
3087007744
4026531840
2785017856
1979711488
1912602624
402653184
2684354560
939524096
1107296256
1442840576
402653184
1174405120
2852126720
4093640704
1107296256
201326592
436207616
1778384896
402653184
3288334336
1946157056
