35

7
30 31 32 33 34 35 36 
37 38 39 40 41 42 43 
44 45 46 47 48 49 1 
2 3 4 5 6 7 8 
9 10 11 12 13 14 15 
16 17 18 19 20 21 22 
23 24 25 26 27 28 29 
6
9 30 4 32 25 17 
33 3 2 28 21 29 
19 6 5 7 31 13 
24 14 16 20 8 18 
27 35 36 11 1 10 
23 15 34 22 12 26 
7
20 21 22 23 24 25 26 
27 28 29 30 31 32 33 
34 35 36 37 38 39 40 
41 42 43 44 45 46 47 
48 49 1 2 3 4 5 
6 7 8 9 10 11 12 
13 14 15 16 17 18 19 
5
5 17 16 3 18 
9 4 11 8 23 
6 10 20 14 13 
2 12 19 15 24 
21 25 1 22 7 
7
33 34 35 36 37 38 39 
40 41 42 43 44 45 46 
47 48 49 1 2 3 4 
5 6 7 8 9 10 11 
12 13 14 15 16 17 18 
19 20 21 22 23 24 25 
26 27 28 29 30 31 32 
3
8 9 1 
2 3 4 
5 6 7 
7
45 10 24 48 35 19 36 
43 30 23 7 37 39 22 
2 12 32 14 25 6 44 
26 15 34 46 33 18 16 
3 5 38 47 11 1 21 
40 29 27 13 17 8 31 
20 9 41 4 49 42 28 
10
33 84 68 39 43 11 63 44 58 31 
26 25 86 67 30 89 24 72 74 41 
51 90 19 57 23 29 80 45 8 92 
73 100 55 22 42 91 77 53 18 27 
65 6 35 20 49 28 97 94 32 21 
75 71 87 95 66 64 9 14 82 62 
10 61 83 69 54 88 37 34 70 12 
3 52 36 16 47 85 93 59 40 38 
17 48 78 7 13 2 98 76 1 46 
79 81 56 96 4 50 5 99 60 15 
3
2 3 4 
5 6 7 
8 9 1 
4
16 1 2 3 
4 5 6 7 
8 9 10 11 
12 13 14 15 
5
16 17 11 8 13 
4 25 2 5 12 
9 14 18 7 19 
20 1 23 6 15 
3 24 10 21 22 
3
6 7 8 
9 1 2 
3 4 5 
2
3 2 
4 1 
7
31 7 23 5 36 16 2 
39 10 22 9 48 6 27 
11 38 34 25 24 15 4 
29 13 46 37 42 40 32 
19 28 3 8 47 35 41 
17 14 33 30 45 26 12 
21 44 49 20 18 1 43 
6
24 4 27 11 26 7 
18 31 25 13 33 19 
12 2 34 21 15 22 
35 8 17 3 23 30 
36 29 9 1 20 32 
10 6 16 14 5 28 
8
5 26 46 44 9 35 30 16 
32 17 64 6 25 42 55 24 
61 49 15 51 13 14 20 39 
23 31 10 41 38 11 40 19 
63 56 52 34 53 47 59 45 
18 50 4 54 37 62 22 60 
28 58 7 48 1 2 12 8 
21 36 43 33 29 3 27 57 
6
3 4 5 6 7 8 
9 10 11 12 13 14 
15 16 17 18 19 20 
21 22 23 24 25 26 
27 28 29 30 31 32 
33 34 35 36 1 2 
10
64 62 97 14 81 68 6 11 98 54 
36 2 41 55 19 7 29 70 72 45 
94 31 16 76 84 92 10 87 50 66 
3 9 26 56 27 40 24 91 17 90 
4 49 75 8 23 88 57 85 5 73 
47 38 79 48 65 100 51 52 59 83 
43 69 22 67 61 42 44 18 30 32 
74 39 78 82 13 77 60 96 86 53 
21 99 89 37 95 15 28 46 35 63 
33 1 93 80 12 25 34 71 58 20 
1
1 
1
1 
1
1 
8
12 13 14 15 16 17 18 19 
20 21 22 23 24 25 26 27 
28 29 30 31 32 33 34 35 
36 37 38 39 40 41 42 43 
44 45 46 47 48 49 50 51 
52 53 54 55 56 57 58 59 
60 61 62 63 64 1 2 3 
4 5 6 7 8 9 10 11 
9
4 17 31 15 13 76 63 20 29 
34 67 8 47 19 59 2 62 35 
33 10 79 40 32 36 51 71 44 
43 75 61 9 39 69 16 48 30 
50 38 42 24 65 55 70 7 74 
66 6 49 60 37 56 23 21 41 
1 52 18 73 14 46 53 81 57 
25 68 5 3 80 45 22 78 77 
11 54 27 12 64 58 72 26 28 
10
77 45 32 49 81 85 10 90 37 27 
93 1 12 26 51 43 100 79 78 31 
59 92 9 83 53 55 15 89 35 16 
75 65 28 99 40 18 72 4 64 61 
54 97 76 46 34 60 68 84 14 70 
56 33 98 3 94 52 91 42 82 69 
24 5 74 58 95 8 67 6 7 17 
30 86 20 63 41 73 13 25 47 23 
71 96 50 19 38 39 11 48 80 66 
29 2 44 21 57 87 36 88 22 62 
5
2 19 17 10 20 
13 4 15 18 7 
22 6 9 24 16 
23 21 25 8 11 
3 1 14 12 5 
1
1 
4
1 2 3 4 
5 6 7 8 
9 10 11 12 
13 14 15 16 
8
46 32 33 36 64 2 24 56 
22 29 25 62 61 40 50 42 
17 11 19 6 23 8 63 13 
52 5 12 15 10 45 20 31 
34 35 58 41 57 43 16 21 
1 49 37 3 48 7 30 60 
47 27 53 59 4 9 44 39 
18 55 26 54 51 28 38 14 
6
22 29 15 6 28 30 
32 33 24 1 35 3 
10 18 23 21 34 13 
4 17 14 11 19 25 
8 36 7 2 27 26 
31 5 12 20 9 16 
5
15 22 25 14 11 
23 16 18 9 17 
19 7 4 24 6 
8 5 13 20 2 
12 21 1 3 10 
8
6 18 7 58 20 4 52 39 
62 10 40 28 33 11 8 54 
13 44 29 2 55 34 30 63 
23 14 31 56 51 16 35 49 
9 60 53 12 26 43 32 42 
37 17 15 41 22 1 46 36 
47 50 57 24 27 48 25 45 
59 61 5 64 21 38 19 3 
8
10 45 7 19 36 50 22 58 
15 46 6 32 47 9 16 49 
30 17 35 52 33 11 51 8 
20 24 53 63 13 61 56 12 
57 39 4 27 29 42 31 34 
59 23 5 3 44 14 64 54 
2 25 21 48 62 41 40 38 
37 18 60 26 55 28 1 43 
4
13 5 4 3 
12 1 7 10 
6 9 15 16 
11 2 8 14 
6
32 14 17 24 1 16 
3 25 23 34 13 12 
29 15 33 20 19 22 
18 11 21 26 30 35 
4 6 27 36 28 8 
5 31 2 9 7 10 
6
19 17 35 29 9 2 
33 4 5 18 24 23 
21 1 15 20 36 8 
13 3 12 11 6 7 
31 10 34 25 16 26 
27 22 14 30 32 28 
